Ndata Day VCN1 VCN2 VCN3 VCN4 VCN5 VCN6
6 592 0 114 0 0 518 197
3 599 0 0 0   
2 606 0 0    
2 613 0 0    
2 620 0 0    
2 627 0 0    
2 634 0 0    
4 660 0 0 0 0  
3 669 0 0 0   
3 676 0 0 0   
3 683 0 0 0   
3 689 0 0 0   
3 694 0 0 0   
3 704 824 0 0   
3 710 245 0 0   
3 718 0 0 0   
3 733 0 0 0   
3 739 0 0 0   
3 746 0 0 0   
3 753 0 0 0   
3 774 0 0 0   
3 781 0 0 0   
3 788 0 0 0   
3 795 108 0 0   
3 802 0 0 0   
3 809 0 0 0   
3 816 0 0 0   
3 823 3850 0 0   
3 830 0 0 0   
3 837 0 0 0   
3 844 0 0 0   
3 851 0 0 0   
2 865 0 0    
3 878 0 0 0   
3 887 0 0 0   
3 893 0 0 0   
3 899 528 0 0   
3 908 0 0 0   
3 916 0 0 0   
3 921 0 0 0   
3 929 0 0 0   
3 935 0 0 0   
3 942 0 0 0   
3 976 1450 0 492   
3 984 0 0 0   
3 991 0 0 0   
3 998 0 0 0   
3 1005 0 0 0   
3 1012 0 0 0   
3 1018 0 0 0   
3 1026 0 0 0   
3 1032 0 0 0   
3 1040 0 0 0   
3 1045 0 0 0   
2 1052 0 0    
3 1058 0 0 0   
3 1094 0 0 0   
3 1100 0 0 0   
3 1107 0 0 0   
3 1115 0 0 0   
3 1122 0 0 0   
2 1130 0 0    
3 1136 52.9 132 0   
3 1142 0 0 0   
3 1149 0 0 0   
3 1156 0 0 0   
2 1191 0 0    
3 1212 0 0 0   
3 1219 0 0 0   
3 1226 0 0 0   
3 1233 0 133 0   
3 1240 0 0 0   
3 1247 0 0 0   
3 1256 0 0 0   
3 1261 0 0 0   
3 1270 0 0 0   
3 1276 0 0 0   
3 1331 0 0 0   
3 1342 0 0 0   
3 1346 109 0 0   
3 1354 0 0 0   
3 1360 0 0 0   
3 1368 0 0 0   
3 1373 0 2110 66.1   
3 1381 0 0 0   
3 1388 0 0 0   
3 1437 0 0 0   
3 1443 35.4 0 0   
3 1452 0 0 0   
3 1466 0 0 0   
3 1472 0 0 0   
3 1529 0 0 0   
3 1536 0 0 0   
3 1543 0 0 0   
3 1550 0 0 0   
3 1557 0 0 0   
3 1563 0 0 0   
3 1570 0 0 0   
3 1577 0 0 0   
3 1626 0 0 0   
3 1633 0 0 0   
3 1639 0 0 0   
