Ndata Day VCN1 VCN2 VCN3 VCN4 VCN5 VCN6
6 592 964 0 0 88.6 47500 221
3 599 0 0 0   
2 606 113 566    
2 613 0 0    
2 620 0 0    
2 627 0 0    
2 634 0 0    
2 641 126 107    
3 660 0 0 0   
3 669 0 283 85.5   
3 676 76.6 0 319   
3 683 158 0 0   
3 689 0 0 1450   
3 694 0 503 0   
3 704 0 0 0   
3 710 0 0 0   
3 718 0 0 0   
3 733 0 0 0   
3 739 0 0 0   
3 746 0 0 0   
3 781 0 0 0   
3 788 0 0 0   
3 795 0 0 157   
3 802 0 254 0   
3 809 0 0 0   
2 816 0 0    
3 823 0 0 356   
2 830 0 0    
3 837 0 0 0   
3 844 0 500 0   
3 851 0 0 0   
3 858 0 0 0   
2 887 0 0    
2 893 0 88.1    
3 899 0 0 0   
3 908 0 0 83.9   
3 916 0 0 0   
3 921 0 0 0   
3 929 0 0 0   
3 935 0 0 0   
3 942 0 0 0   
3 949 0 89.4 0   
2 956 0 0    
3 963 0 0 0   
2 984 0 0    
3 991 0 0 550   
3 998 0 0 168   
3 1005 0 0 0   
3 1012 0 0 0   
3 1018 0 0 0   
3 1026 0 0 154   
3 1032 0 0 0   
3 1040 0 0 0   
3 1045 0 0 0   
3 1052 0 0 0   
3 1058 0 0 0   
3 1094 181 0 0   
3 1100 82.4 0 0   
2 1107 0 0    
3 1115 0 0 0   
3 1122 0 0 0   
3 1130 0 0 0   
2 1136 0 0    
3 1142 0 0 0   
3 1149 0 0 0   
3 1156 0 0 0   
3 1160 0 0 0   
3 1212 0 0 0   
3 1219 0 0 0   
3 1226 0 0 0   
3 1233 0 0 0   
3 1240 0 0 0   
3 1247 0 85.5 0   
3 1256 0 0 0   
3 1261 0 0 0   
3 1270 0 0 0   
3 1276 0 0 0   
3 1282 0 0 0   
3 1331 249 0 0   
3 1342 99.3 0 0   
3 1346 0 0 0   
3 1354 0 0 0   
3 1360 0 0 0   
3 1368 0 0 0   
3 1373 0 0 0   
3 1381 0 0 0   
3 1388 0 0 0   
3 1437 0 0 0   
3 1443 102 0 29.3   
3 1452 0 0 37.7   
3 1466 0 0 0   
3 1472 0 0 0   
3 1529 0 0 0   
3 1536 0 0 0   
3 1543 0 0 0   
3 1550 0 0 0   
3 1557 0 0 0   
3 1563 0 0 0   
3 1570 0 0 0   
3 1577 0 0 0   
3 1626 0 0 0   
3 1633 0 0 0   
3 1639 0 0 0   
