Ndata Day VCN1 VCN2 VCN3 VCN4 VCN5 VCN6
3 334 982 551 8460   
2 341 1170 186    
4 348 2370 11800 41300 8190  
3 355 2950 39200 12400   
2 362 18400 48500    
3 369 131000 73800 32500   
3 375 54000 63900 123000   
2 397 5710 3700    
1 418 117     
2 425 0 0    
2 432 0 0    
2 439 0 0    
2 446 0 0    
2 453 0 633    
1 460 0     
2 488 47.7 754    
2 495 0 0    
1 502 0     
2 509 0 344    
1 516 429     
3 523 0 0 0   
2 530 1910 158    
2 537 223 26300    
3 593 502 981 0   
3 600 318 8780 552   
2 607 46200 3120    
3 612 8720 8920 0   
6 653 602 89 2580 526 93 0
3 656 1600 0 351   
3 661 68.1 285 630   
3 673 0 73.5 0   
3 677 0 0 126   
3 684 0 0 0   
3 691 0 2330 1410   
3 695 0 751 0   
3 705 0 2560 0   
3 711 0 7030 0   
3 719 0 0 0   
3 736 0 214 0   
3 740 633 0 0   
3 747 0 0 0   
3 754 0 0 0   
3 761 0 0 0   
1 775 0     
3 785 0 0 0   
3 789 0 0 1130   
3 796 0 0 0   
3 803 0 0 0   
3 810 0 0 0   
3 817 0 0 0   
3 824 0 0 0   
3 852 0 0 0   
3 859 77.6 0 0   
3 866 658 0 0   
3 873 0 0 0   
3 879 0 0 0   
3 884 0 1890 0   
3 894 1090 226 170   
3 900 3530 7000 0   
3 919 970 0 0   
3 922 0 0 0   
3 928 0 0 97.1   
3 936 0 0 0   
3 943 0 0 0   
3 950 0 0 0   
3 957 0 131 0   
3 964 0 0 0   
3 981 0 0 0   
3 989 0 0 0   
3 995 0 0 0   
3 1003 431 1400 0   
3 1009 0 1710 0   
3 1017 293 24100 654   
3 1031 0 0 213   
3 1038 56.4 0 151   
3 1046 0 219 81.4   
3 1051 0 0 224   
3 1059 0 0 0   
3 1068 0 0 0   
3 1075 0 0 0   
3 1080 0 0 0   
3 1104 0 0 219   
3 1109 0 0 0   
3 1117 0 0 534   
3 1123 155 0 0   
3 1129 702 0 0   
3 1137 0 0 0   
3 1143 0 0 0   
3 1159 0 0 0   
3 1165 0 0 0   
3 1171 0 0 46.5   
3 1178 0 0 0   
3 1184 64 0 0   
3 1192 0 0 0   
3 1200 0 0 0   
3 1207 1240 0 0   
3 1214 0 0 0   
3 1220 0 0 0   
3 1227 0 0 0   
3 1234 77.3 0 0   
3 1241 0 0 0   
3 1248 0 0 398   
3 1257 0 0 0   
3 1262 0 0 0   
3 1269 0 0 0   
3 1277 0 0 0   
3 1284 0 0 0   
3 1290 0 0 0   
3 1297 0 0 0   
3 1303 0 0 0   
3 1311 0 0 0   
3 1317 0 0 0   
3 1326 0 0 0   
3 1332 0 0 0   
3 1339 0 0 0   
3 1345 0 0 0   
3 1353 0 0 0   
3 1361 0 43.3 0   
3 1369 0 0 0   
3 1374 0 0 0   
3 1380 0 0 0   
3 1389 0 0 0   
3 1394 0 0 0   
3 1402 0 0 0   
3 1408 0 0 0   
3 1415 0 0 0   
3 1419 0 0 38.5   
3 1431 0 0 0   
3 1436 0 0 65.2   
3 1445 0 0 0   
3 1451 0 0 0   
3 1465 0 0 0   
3 1471 74.4 0 0   
3 1479 0 0 0   
3 1485 0 0 0   
3 1492 0 0 0   
3 1503 0 0 0   
3 1507 0 0 0   
3 1517 0 0 2540   
3 1520 0 0 0   
3 1527 0 0 253   
3 1534 977 809 5890   
3 1541 463 1630 19600   
3 1548 0 83.5 550   
3 1555 0 359 323   
3 1562 0 129 2070   
3 1571 0 0 0   
3 1578 709 0 44.2   
3 1584 0 0 0   
3 1591 0 152 8970   
3 1599 0 115 178   
3 1606 328 0 0   
3 1613 0 57.1 0   
3 1618 0 0 58.2   
3 1627 0 0 0   
3 1635 0 0 164   
3 1641 0 0 0   
3 1649 0 0 0   
