Ndata Day VCN1 VCN2 VCN3 VCN4 VCN5 VCN6
3 599 1170 808 3280   
4 606 310 659 1110 918  
3 613 6420 2690 1190   
2 620 68.4 119    
3 627 350000 4710 5680   
4 634 305 101 83.9 697  
3 641 0 0 50.1   
3 648 559 308 0   
3 655 0 0 406   
3 662 0 0 251   
2 669 0 0    
5 676 75.7 361 0 0 0 
5 683 0 0 97 0 0 
4 687 0 985 0 173  
3 689 0 2390 0   
3 694 0 955 1750   
3 704 0 73.2 0   
2 710 117 0    
1 718 1000     
3 733 0 0 0   
3 739 0 0 0   
3 746 0 0 0   
3 753 0 0 0   
3 760 0 0 0   
3 771 0 0 353   
3 781 0 952 0   
3 788 0 0 0   
3 802 0 0 0   
3 809 0 173 241   
1 816 0     
3 823 0 0 824   
3 830 0 0 0   
3 837 0 0 0   
3 844 0 0 176   
3 851 0 0 0   
3 858 0 0 0   
3 865 0 0 215   
3 872 0 0 152   
3 878 0 0 51.5   
3 908 0 888 0   
3 913 0 73.7 0   
3 921 0 0 0   
3 929 0 104 0   
3 935 0 0 0   
3 942 0 0 0   
3 949 0 0 0   
3 956 0 0 0   
3 963 0 0 0   
3 970 242 0 0   
3 976 0 0 0   
3 984 0 0 0   
3 1011 579 165 0   
3 1018 0 42.3 0   
3 1026 0 0 0   
3 1032 0 0 0   
3 1040 0 0 0   
3 1045 68.6 0 0   
3 1052 0 0 0   
3 1058 0 0 0   
3 1065 0 0 0   
2 1076 0 0    
3 1083 0 0 0   
3 1094 0 1860 162   
2 1107 0 0    
2 1115 0 0    
3 1122 0 0 0   
3 1130 0 0 0   
3 1136 0 0 0   
3 1142 0 0 64.9   
3 1149 0 0 2900   
3 1156 0 0 82.7   
3 1160 0 235 323   
3 1170 0 343 3560   
3 1177 413 512 2460   
3 1180 561 3200 4170   
3 1191 13100 29300 49500   
3 1233 29.2 0 51.6   
3 1240 0 121 904   
3 1247 0 0 0   
3 1256 0 335 66.8   
3 1261 0 0 0   
3 1270 0 0 367   
3 1276 0 235 0   
3 1282 0 0 0   
3 1289 0 0 0   
3 1296 0 0 0   
3 1366 0 0 0   
3 1373 0 85 0   
3 1381 0 0 0   
3 1388 0 0 0   
3 1395 0 0 56.3   
3 1401 0 0 0   
3 1409 0 0 0   
3 1416 0 0 0   
3 1443 73.4 0 99.4   
3 1452 0 0 0   
3 1466 0 0 0   
3 1472 0 0 97.1   
3 1480 0 0 0   
3 1487 0 0 215   
3 1494 0 0 0   
3 1499 0 0 0   
3 1506 0 0 0   
3 1515 0 0 0   
3 1522 0 461 0   
3 1550 0 0 0   
3 1557 0 0 0   
3 1563 0 39.5 0   
3 1570 0 0 0   
3 1577 0 0 0   
3 1587 0 0 0   
3 1598 0 0 0   
3 1605 0 0 0   
3 1612 0 0 0   
