Ndata Day VCN1 VCN2 VCN3 VCN4 VCN5 VCN6
2 501 5750 4520    
1 515 21400     
3 520 15400 5350 65100   
1 522 4540     
1 529 235000     
1 536 389000     
3 543 609000 258000 1220000   
4 599 52600 706000 357000 165000  
3 606 16300 9870 23000   
3 613 107000 146000 376000   
3 620 150000 106000 156000   
3 627 2720 66000 202000   
3 634 37600 26300 115000   
3 641 40300 71200 60200   
3 648 161000 102000 302000   
3 655 781000 229000 221000   
3 663 613000 821000 248000   
3 668 726000 588000 99500   
3 676 1380000 203000 647000   
3 704 99600 34900 11300   
3 710 212 2580 9170   
3 718 2750 61.7 18400   
3 733 107 0 2020   
2 739 1080 7250    
3 746 4720 8460 1240   
3 753 8590 53600 55000   
3 760 272000 28400 302000   
3 771 666000 1890000 2170000   
3 781 782000 3280000 3480000   
3 788 413000 354000 47000   
3 802 612000 1290000 3300000   
3 809 699000 477000 418000   
3 816 770000 209000 7550   
3 823 156000 87700 152000   
3 830 102000 120000 58800   
3 837 207000 137000 154000   
3 844 461000 244000 255000   
3 851 96700 169000 370000   
3 858 748000 541000 296000   
3 865 617000 631000 802000   
3 872 344000 696000 379000   
3 878 319000 939000 239000   
3 887 123000 1570000 1140000   
3 893 1e+06 1770000 580000   
3 904 258000 2610000 294000   
3 905 628000 1810000 1310000   
3 906 1910000 1450000 609000   
3 907 386000 618000 90200   
3 908 409000 1430000 28500   
3 909 524000 1140000 1040000   
3 910 394000 577000 682000   
3 911 460000 887000 1260000   
3 912 2250000 1220000 1360000   
3 913 823000 814000 1140000   
3 914 327000 789000 2e+06   
3 915 180000 196000 66100   
3 916 2770 163000 201000   
3 917 129000 93100 386000   
3 918 514000 103000 12200   
3 919 226000 45700 52600   
3 920 584000 64700 155000   
3 921 248000 61300 125000   
3 929 363000 354000 245000   
3 935 515000 580000 929000   
3 942 219000 263000 754000   
3 949 190000 371000 803000   
3 956 49800 184000 135000   
3 963 202000 183000 236000   
3 970 9990 255000 116000   
3 976 33100 252000 149000   
3 984 169000 238000 674000   
3 991 53200 327000 1890000   
3 998 69600 191000 341000   
3 1011 565000 1310000 374000   
3 1012 35600 128000 76800   
2 1013 44000 82200    
3 1014 436000 84300 90500   
3 1018 132000 109000 8750   
3 1026 141000 53900 53200   
3 1032 27400 135000 4790   
3 1040 6500 3070 2900   
3 1045 8070 14700 18500   
3 1052 1700 72600 2240   
3 1058 1480 9430 4850   
3 1065 25500 7410 3770   
3 1076 42800 65000 69000   
3 1083 239000 155000 24000   
3 1094 143000 675000 1260000   
3 1115 80800 57800 1210000   
3 1122 245000 85000 126000   
1 1130 45500     
3 1136 8670 1310 8520   
3 1142 8900 9420 19400   
3 1149 5220 52500 41300   
3 1156 88500 32500 61300   
3 1160 32800 61500 77500   
3 1170 66000 108000 415000   
3 1177 122000 227000 268000   
3 1180 893000 605000 315000   
3 1191 863000 505000 1100000   
3 1198 226000 385000 788000   
3 1233 51300 165000 141000   
3 1240 72800 106000 22800   
3 1247 75000 138000 161000   
3 1256 61800 92300 109000   
3 1261 131000 141000 64000   
3 1270 48600 45400 64400   
3 1276 2e+05 42100 82400   
3 1282 208000 199000 293000   
3 1289 903000 720000 475000   
3 1296 1050000 810000 1040000   
3 1304 1750000 1480000 2020000   
3 1312 1340000 823000 913000   
3 1318 998000 530000 335000   
3 1325 323000 135000 368000   
3 1331 363000 124000 194000   
3 1338 530000 283000 398000   
3 1341 408000 472000 631000   
3 1342 129000 138000 131000   
3 1343 74000 35900 123000   
3 1344 94700 110000 274000   
3 1346 58500 57600 262000   
3 1354 56300 66000 98800   
3 1355 54000 70000 73300   
3 1362 42800 48800 40000   
3 1363 59000 112000 64000   
3 1364 52800 95300 26500   
3 1366 74300 22000 43000   
3 1373 13200 2e+05 52800   
3 1381 31000 11700 36000   
3 1388 38500 59000 46500   
3 1395 249000 23200 81800   
3 1401 146000 89300 114000   
3 1409 121000 290000 385000   
3 1416 1040000 718000 205000   
3 1422 578000 408000 498000   
2 1437 360000 355000    
3 1443 573000 653000 8010   
3 1466 53300 58500 166000   
3 1472 39500 17700 75500   
3 1480 77500 24400 19400   
3 1487 221000 103000 24900   
3 1494 121000 263000 24900   
3 1499 335000 14500 217000   
3 1506 343000 503000 488000   
3 1515 1400000 1910000 680000   
3 1522 3600000 2080000 330000   
3 1529 948000 1860000 745000   
3 1536 413000 528000 1080000   
3 1557 2730 30 71300   
3 1563 37800 3980 215000   
3 1570 331 610 3730   
3 1577 129 2220 7540   
3 1587 3260 116 55.7   
3 1598 2040 244 145   
3 1605 1060 246 0   
3 1612 408 3100 578   
3 1619 1780 188 945   
3 1626 946 83.4 34.7   
3 1633 480 0 297   
3 1639 3410 1299.8625 217   
