Ndata Day VCN1 VCN2 VCN3 VCN4 VCN5 VCN6
4 334 0 0 11000 0  
2 341 804 0    
1 348 3690     
3 355 9420 1150 0   
2 362 75700 634    
3 369 11600 15900 4950   
2 375 98500 14500    
3 383 231000 84300 32800   
2 397 260 994    
2 418 1410 425    
2 425 89.5 0    
2 432 59.7 107    
2 439 0 0    
3 446 164 0 0   
2 453 20100 7830    
2 460 0 1360    
2 488 3600 0    
2 495 514 151    
2 502 0 0    
2 509 19500 0    
3 516 0 2700 5200   
3 523 0 2390 127000   
2 530 110000 8780    
3 537 35500 139000 4760   
3 544 71900 70500 123000   
3 593 6690 709 3150   
3 600 0 176 0   
3 607 206 0 131   
3 612 0 0 0   
6 653 350 0 0 575 0 408
3 656 0 176 151   
3 661 0 1630 0   
3 673 0 153 1060   
3 677 144 0 0   
3 684 0 0 1040   
3 691 111 359 0   
3 695 0 0 0   
3 705 0 0 0   
3 719 0 0 0   
3 736 0 0 0   
3 740 0 0 0   
3 747 0 0 236   
3 754 0 0 0   
3 761 111 0 0   
3 775 0 0 0   
3 785 0 0 0   
3 789 253 0 489   
3 796 0 0 0   
3 803 0 0 0   
3 810 0 0 0   
3 817 0 0 0   
3 852 112 0 0   
3 859 0 0 0   
3 866 0 0 0   
3 873 0 0 0   
3 879 0 0 0   
3 884 0 0 0   
3 894 0 89.8 0   
3 900 0 0 0   
3 919 0 0 0   
3 922 0 0 0   
3 928 0 0 0   
3 936 0 0 0   
3 943 0 0 0   
3 950 0 0 0   
3 957 0 0 0   
3 964 0 0 0   
3 981 0 0 0   
3 989 0 0 0   
3 995 0 0 0   
3 1003 0 0 0   
3 1009 0 0 0   
3 1017 0 0 0   
3 1031 0 0 0   
3 1038 0 0 0   
3 1046 0 0 0   
3 1051 0 0 0   
3 1059 0 0 0   
3 1068 0 0 0   
3 1075 0 0 0   
3 1080 0 0 0   
3 1104 0 0 0   
3 1109 0 0 0   
3 1117 0 0 0   
3 1123 0 0 0   
3 1129 0 0 0   
3 1137 0 0 0   
3 1143 0 0 0   
3 1159 0 0 0   
3 1165 0 0 0   
3 1171 0 0 0   
3 1178 0 0 0   
3 1184 0 0 0   
3 1192 336 0 0   
3 1200 0 0 0   
3 1207 0 0 41.8   
3 1214 0 0 0   
3 1220 0 0 0   
3 1227 0 0 0   
3 1234 0 0 0   
3 1241 0 0 0   
3 1248 0 0 0   
3 1257 0 0 0   
3 1262 0 0 0   
3 1269 0 0 0   
3 1277 0 0 0   
3 1284 0 0 0   
3 1290 0 0 0   
3 1297 0 0 0   
3 1303 0 0 0   
3 1311 0 0 0   
3 1317 0 0 117   
3 1326 0 0 0   
3 1332 0 45.2 0   
3 1339 0 0 0   
3 1345 0 0 0   
3 1353 0 138 0   
3 1361 0 0 0   
3 1369 0 0 0   
3 1374 0 0 94.1   
3 1380 0 0 0   
3 1389 0 0 0   
3 1394 0 0 0   
3 1402 0 0 0   
3 1408 0 0 0   
3 1415 0 0 0   
3 1419 0 0 0   
3 1436 0 0 0   
3 1445 0 0 0   
3 1451 0 0 30.3   
3 1465 0 0 0   
3 1471 0 0 0   
3 1479 0 0 0   
3 1485 39 0 0   
3 1492 0 0 172   
3 1503 0 0 470   
3 1507 0 103 0   
3 1517 0 0 11700   
3 1520 0 0 0   
3 1527 0 0 0   
3 1534 1430 0 0   
3 1541 0 0 0   
3 1548 0 0 0   
3 1555 0 0 0   
3 1562 0 41.8 0   
3 1571 0 0 0   
4 1578 0 0 0 0  
3 1584 0 0 0   
3 1591 0 0 0   
3 1599 0 0 100   
3 1606 0 0 0   
3 1613 0 0 218   
3 1618 0 0 0   
3 1627 0 0 0   
3 1635 0 0 0   
3 1641 0 0 0   
3 1649 0 0 0   
