Ndata Day VCN1 VCN2 VCN3 VCN4 VCN5 VCN6
6 592 254 260 83.3 1240 3470 21300
2 599 408 0    
3 606 181 0 0   
3 613 0 649 0   
3 620 0 114 0   
3 627 55.4 0 215   
3 634 0 0 0   
3 641 58.8 0 0   
3 648 0 0 0   
4 655 217 0 0 0  
4 660 0 184 0 0  
4 662 0 0 0 0  
3 676 0 0 0   
2 683 0 0    
4 689 1100 206 75 182000  
3 694 0 0 712   
3 710 0 0 0   
3 718 0 0 0   
3 733 0 0 0   
2 739 0 73    
3 746 0 0 0   
3 753 0 0 0   
2 760 0 0    
3 781 587 0 0   
3 788 0 0 0   
2 795 0 0    
3 802 61.9 0 0   
3 809 0 0 0   
3 816 0 0 0   
3 823 0 0 0   
3 830 0 0 0   
3 837 0 0 0   
3 844 0 0 0   
3 851 0 0 0   
3 858 0 0 0   
3 865 734 0 0   
3 887 0 0 0   
3 893 0 0 0   
3 899 0 0 0   
3 908 0 0 0   
3 916 0 0 0   
3 921 0 0 0   
3 929 0 0 0   
3 935 0 0 0   
3 942 203 164 0   
3 949 0 0 0   
3 956 0 200 0   
3 963 0 0 0   
3 991 511 96.3 0   
3 998 0 0 0   
3 1005 0 0 226   
3 1012 0 0 0   
3 1018 0 0 0   
3 1026 0 0 0   
3 1032 0 0 0   
3 1040 0 0 0   
3 1045 0 0 0   
3 1052 0 0 0   
3 1058 0 0 0   
2 1065 0 0    
2 1094 0 0    
3 1100 0 0 0   
3 1107 0 0 0   
3 1115 0 0 0   
3 1122 0 0 0   
3 1130 0 0 0   
3 1136 0 0 0   
3 1142 0 0 0   
3 1149 0 0 0   
3 1156 0 181 0   
3 1160 0 0 0   
3 1170 0 0 0   
3 1177 0 0 0   
3 1180 0 0 0   
3 1212 43.4 0 0   
3 1219 0 0 93.5   
3 1226 0 0 0   
3 1233 0 0 0   
3 1240 0 0 0   
3 1247 126 0 0   
3 1256 0 0 0   
3 1261 0 0 0   
3 1270 0 0 0   
3 1276 0 0 0   
3 1282 0 0 166   
3 1289 0 237 0   
3 1331 808 147 0   
3 1342 0 0 0   
3 1346 0 0 0   
3 1354 0 0 0   
3 1360 0 0 0   
3 1368 0 0 0   
3 1373 0 0 0   
3 1381 0 0 0   
3 1388 0 0 0   
3 1395 60.8 0 0   
3 1401 0 0 0   
3 1443 0 0 0   
3 1452 0 0 0   
3 1466 0 0 0   
3 1472 0 0 0   
3 1480 0 0 0   
3 1487 0 0 0   
3 1529 0 0 0   
3 1536 0 0 0   
3 1543 0 0 0   
3 1550 0 0 0   
3 1557 0 0 0   
3 1563 0 0 0   
3 1570 0 0 0   
3 1577 0 0 0   
2 1626 86.4 0    
3 1633 0 56.1 0   
3 1639 0 0 0   
