Ndata Day VCN1 VCN2 VCN3 VCN4 VCN5 VCN6
4 599 0 0 67.6 0  
3 606 0 0 0   
3 613 0 0 297   
3 620 0 0 169   
3 627 446 0 0   
4 634 0 0 0 0  
3 641 0 0 141   
3 648 0 0 0   
3 655 0 0 0   
3 662 0 0 0   
3 669 0 0 0   
5 676 0 523 0 0 358 
2 683 0 0    
3 687 0 0 372   
3 689 0 0 563   
2 694 0 14700    
3 704 0 206 0   
3 710 0 0 0   
3 718 0 0 0   
3 733 0 0 0   
3 739 0 0 0   
3 746 0 0 0   
3 753 0 0 0   
2 760 0 0    
3 788 0 1100 0   
3 802 0 0 0   
3 809 0 0 0   
2 816 0 3300    
3 823 0 536 0   
4 830 0 41.3 0 0  
3 837 0 0 0   
3 844 0 0 0   
3 851 0 0 0   
3 858 0 0 0   
3 865 0 0 0   
3 872 0 0 0   
3 878 0 382 0   
3 908 0 0 0   
3 913 0 1700 0   
3 921 0 0 0   
3 929 0 0 59.9   
3 935 0 0 0   
3 942 0 0 0   
4 949 0 0 0 0  
3 956 0 0 0   
3 963 0 0 0   
3 970 0 0 0   
3 976 0 0 0   
3 984 0 0 0   
3 991 0 0 601   
2 1011 0 0    
3 1018 0 0 0   
3 1026 0 0 0   
3 1032 0 0 0   
3 1040 0 0 0   
3 1045 0 0 0   
3 1052 0 0 0   
3 1058 0 0 0   
3 1065 0 0 0   
3 1076 0 0 0   
3 1083 0 0 0   
3 1094 0 0 0   
3 1115 0 0 0   
3 1122 162 0 0   
3 1130 0 0 0   
3 1136 275 0 100   
3 1142 0 310 492   
3 1149 0 0 89.1   
3 1156 0 0 188   
3 1160 0 0 77.9   
3 1170 117 676 2860   
3 1177 107 1070 1300   
3 1180 119 1670 2370   
3 1191 16300 25300 48500   
3 1198 38000 43000 73300   
3 1233 1400 354 50.3   
3 1240 125 428 3290   
3 1247 1730 90.2 750   
3 1256 1080 0 577   
3 1261 736 6570 1340   
3 1270 0 0 161   
3 1276 65.4 1600 0   
3 1282 0 0 86.2   
3 1289 0 333 0   
3 1296 886 965 0   
3 1304 0 0 288   
3 1318 0 0 0   
3 1366 0 0 0   
3 1373 0 0 0   
3 1381 0 0 0   
3 1388 241 0 186   
3 1395 0 0 0   
3 1401 0 0 0   
3 1409 0 0 0   
3 1416 33 0 139   
2 1443 0 0    
3 1452 0 0 0   
3 1466 0 0 0   
3 1472 0 0 0   
3 1480 0 0 0   
3 1487 0 0 0   
3 1494 0 0 0   
3 1499 0 0 0   
3 1506 0 0 0   
3 1515 99.9 0 58.9   
3 1522 0 0 0   
3 1550 0 0 0   
3 1557 0 0 0   
3 1563 0 161 0   
3 1570 133 0 0   
3 1577 0 0 0   
3 1587 0 0 0   
3 1598 0 0 0   
3 1605 0 0 0   
3 1612 0 0 0   
