Ndata Day VCN1 VCN2 VCN3 VCN4 VCN5 VCN6
2 334 0 0    
2 341 0 0    
3 348 0 0 0   
3 355 0 0 0   
2 362 0 0    
1 369 0     
1 375 0     
2 383 0 0    
1 397 0     
2 418 0 0    
2 425 0 0    
1 432 0     
1 439 0     
2 446 0 0    
1 488 0     
3 495 0 0 0   
2 502 0 0    
3 509 0 0 0   
2 516 32700 0    
2 523 0 0    
2 530 0 0    
4 600 0 0 0 0  
3 607 219 0 0   
4 612 0 0 0 0  
3 628 0 0 0   
3 653 0 0 0   
3 656 0 0 0   
3 661 0 0 0   
3 673 0 0 0   
3 677 0 0 0   
3 684 0 0 0   
3 691 0 0 0   
3 695 0 0 0   
3 705 0 0 0   
3 711 0 0 0   
3 719 0 0 0   
3 736 0 0 0   
3 740 0 0 0   
3 747 0 0 0   
2 754 0 0    
3 775 0 0 0   
3 785 0 0 0   
1 789 0     
3 796 79.8 0 0   
3 803 0 0 0   
3 810 0 0 0   
3 817 0 0 0   
2 852 0 0    
3 859 0 0 0   
3 866 0 0 0   
3 873 0 0 0   
3 879 0 0 0   
3 884 552 104 0   
3 894 4820 188 0   
3 900 2470 653 6700   
3 919 878 1280 934   
3 922 0 0 1530   
3 928 0 0 0   
3 936 0 0 0   
3 943 587 0 0   
3 950 446 0 0   
3 957 0 0 0   
3 964 0 0 0   
3 981 0 0 0   
3 989 0 0 0   
3 995 0 0 0   
3 1003 0 0 0   
3 1009 0 0 0   
3 1017 0 0 0   
3 1031 0 0 0   
3 1038 0 0 0   
3 1046 0 0 0   
3 1051 0 0 0   
3 1059 0 0 0   
3 1068 0 0 0   
3 1075 0 0 0   
3 1080 0 0 0   
3 1104 0 0 0   
3 1109 0 0 0   
3 1117 0 0 0   
3 1123 0 0 0   
2 1129 0 0    
2 1137 0 0    
3 1143 0 0 0   
3 1159 0 0 0   
3 1165 0 0 0   
3 1171 0 0 0   
3 1178 0 0 0   
3 1184 0 0 0   
3 1192 0 0 0   
3 1200 0 0 0   
3 1214 0 0 0   
3 1220 0 0 0   
3 1227 0 0 0   
3 1234 0 0 0   
3 1241 0 0 0   
3 1248 0 0 0   
3 1257 0 0 0   
3 1262 0 0 0   
3 1269 0 0 0   
3 1277 0 0 0   
3 1284 0 0 0   
3 1290 0 0 0   
3 1297 0 0 0   
3 1303 0 0 0   
3 1311 0 0 0   
3 1317 0 0 0   
3 1326 0 0 0   
3 1332 44.9 2880 438   
3 1339 834 1420 0   
3 1353 4750 0 10200   
3 1361 2810 8340 132   
3 1369 0 0 0   
3 1374 0 0 979   
3 1380 0 0 103   
3 1389 0 0 275   
3 1394 0 64.3 0   
3 1402 0 0 365   
3 1408 0 0 0   
3 1415 0 0 491   
3 1419 42.3 1230 0   
3 1431 83.2 0 0   
3 1436 0 0 0   
3 1445 0 0 0   
3 1451 0 0 84.7   
3 1465 0 0 0   
3 1471 0 0 0   
3 1479 0 35.7 0   
3 1485 0 49.4 0   
3 1492 0 0 0   
3 1503 0 0 26.3   
3 1507 0 0 0   
3 1517 34.1 114 0   
3 1520 4260 0 0   
3 1527 455 2720 0   
3 1534 584 144 0   
3 1541 0 0 0   
3 1548 0 0 0   
3 1555 0 0 0   
3 1562 0 0 0   
3 1571 0 0 0   
3 1578 0 0 0   
3 1584 0 0 0   
3 1591 0 0 0   
3 1599 0 0 0   
3 1606 0 0 97.7   
3 1613 0 28.8 58.1   
3 1618 0 33.3 0   
3 1627 0 0 0   
3 1635 0 0 0   
3 1641 0 0 0   
3 1649 0 0 0   
